num_points: 20, iterations: 10000
temperature: 500000, width: 1000
20 time resluts: [4225.964197161384, 4272.816441064757, 4289.325885867151, 4333.709280261613, 4337.379136025078, 4340.588219053788, 4347.769211099766, 4349.807694958079, 4353.577032654315, 4381.851151136022, 4414.598582076289, 4418.336453631372, 4477.985733755672, 4515.924516090804, 4607.778835430022, 4624.799838445881, 4639.650696543058, 4692.453984504474, 4943.074593407262, 5107.785840626364]
mean: 4483.758866189657, var: 52137.29134028975

num_points: 20, iterations: 10000
temperature: 50000, width: 1000
20 time resluts: [4243.414857419759, 4301.113693213127, 4320.406446128418, 4452.604343195991, 4528.185617532759, 4567.292130723923, 4586.625735253013, 4587.041904450578, 4636.616985274928, 4661.210670854275, 4771.291372859532, 4804.914273522584, 4844.304895231541, 4844.977447646992, 4870.239913485527, 5055.745351858953, 5140.42375482988, 5158.58118747058, 5428.223297258952, 5542.084543535437]
mean: 4767.264921087337, var: 127252.90248981921

num_points: 20, iterations: 10000
temperature: 5000, width: 1000
20 time resluts: [4415.792245734792, 4453.5970043002035, 4568.819279036222, 4599.92211966362, 4674.247665500214, 4816.249766731406, 4912.906478403182, 4927.706870389107, 5163.351136165838, 5196.436650221846, 5212.559680912331, 5255.036296700187, 5256.900479537719, 5268.165173777041, 5327.587540630577, 5456.205453763274, 5475.111758810169, 5487.615887317174, 5502.136084743797, 5878.080862100481]
mean: 5092.421421721959, var: 162273.7147671089

num_points: 20, iterations: 10000
temperature: 5000000, width: 1000
20 time resluts: [5550.324485816736, 6109.254153272474, 6280.10853254259, 6290.728458478821, 6363.838907178741, 6368.640311045622, 6412.3317447445625, 6412.402315764731, 6434.388397029592, 6556.32974354447, 6592.726062519265, 6600.107312745969, 6700.020411397398, 6759.18148071583, 6784.500215750019, 6803.447632982727, 6871.339532632184, 6922.888849241585, 7062.5446834175755, 7073.078696417142]
mean: 6547.409096361902, var: 127411.57251486719

num_points: 20, iterations: 10000
temperature: 500000, width: 1000
20 time resluts: [4227.361929432669, 4255.706458534543, 4257.925674375615, 4278.624262619308, 4289.325885867151, 4308.274506151345, 4341.985951325076, 4366.762572271579, 4371.98032748821, 4380.902075151613, 4417.761454153959, 4466.44204842897, 4478.525049066667, 4493.265591106241, 4511.256786011476, 4746.126383378082, 4826.768531480086, 4880.049230579765, 5054.369892308043, 5106.396219029942]
mean: 4502.990541438017, var: 73222.82250796437

num_points: 20, iterations: 1000
temperature: 500000, width: 1000
20 time resluts: [6322.894828434323, 6362.447117390229, 6428.280377747009, 6904.308264999223, 7006.292941053015, 7105.367314729384, 7163.886923849444, 7195.3210369141325, 7199.864760915929, 7225.21476476232, 7372.445036627539, 7409.557641144087, 7417.560285396939, 7481.977605201222, 7691.748518895744, 7771.782267383136, 7798.2396326641, 7941.4399857305125, 8115.144919683257, 8228.91497132513]
mean: 7307.134459742334, var: 291879.1644182534

num_points: 20, iterations: 1000
temperature: 50000, width: 1000
20 time resluts: [4443.496629746271, 4585.937898278523, 4853.42539796841, 4865.753174315851, 4900.227687651779, 4903.94619226106, 5010.85623147985, 5095.592776167704, 5124.747138090074, 5161.598008583518, 5167.417091708816, 5200.39458734173, 5226.721364244067, 5260.006462533211, 5338.58371380379, 5347.718845689858, 5406.37235720962, 5588.146329110994, 5689.337414926801, 5843.599075405015]
mean: 5150.6939188258475, var: 118801.51906160491

num_points: 20, iterations: 1000
temperature: 5000, width: 1000
20 time resluts: [4264.416890779491, 4406.369157252724, 4593.419448887434, 4601.6079839739305, 4662.030572042779, 4753.194105124194, 4753.905686505785, 4845.194395974138, 4895.2651449111, 4920.785546956727, 4944.969107539146, 5130.271321007833, 5132.80901751274, 5178.1121478284, 5238.285003149277, 5361.190599829219, 5511.637862838899, 5607.277373461088, 5696.868024674863, 5715.612215228378]
mean: 5010.661080273907, var: 177738.07505391404

num_points: 20, iterations: 1000
temperature: 500, width: 1000
20 time resluts: [4321.804178399705, 4656.062063606244, 4672.938238015503, 4677.189272927086, 4678.673281286125, 4684.864074716219, 4949.871436814195, 5055.560068834609, 5104.281830225827, 5139.40417009937, 5230.350111632784, 5305.771785644816, 5382.739730608207, 5392.763034451356, 5416.436140196874, 5640.594072000149, 5657.931720144342, 5743.519511636273, 5802.930389091382, 6524.748123762433]
mean: 5201.921661704675, var: 273620.0403096674

num_points: 20, iterations: 100000
temperature: 50000, width: 1000
20 time resluts: [4181.762449158432, 4237.752004507359, 4321.804178399706, 4451.608050999868, 4476.107296419981, 4579.286204796572, 4593.828067820963, 4598.081795939568, 4709.309442064008, 4742.93209447533, 4789.00039603876, 4804.1881811022395, 4877.259569287918, 4927.594448304403, 4955.137804168864, 5021.305135180255, 5086.866614370446, 5092.843678966114, 5287.537520072284, 5633.288131582315]
mean: 4768.374653182769, var: 130121.54048189071

num_points: 20, iterations: 100000
temperature: 500000, width: 1000
20 time resluts: [4181.762449158432, 4193.550256504408, 4199.313337171339, 4299.908206537494, 4307.977552380077, 4309.672238422633, 4342.646882019861, 4354.974764925604, 4365.364840000292, 4366.762572271579, 4382.978616299315, 4394.766423645291, 4398.157153065513, 4426.1610044392255, 4440.558546652015, 4486.158026926253, 4488.906926575163, 4488.906926575163, 4504.435490342767, 4572.149952593406]
mean: 4375.255608325291, var: 11524.71121889219

num_points: 20, iterations: 100000
temperature: 5000000, width: 1000
20 time resluts: [4180.364716887144, 4180.364716887145, 4180.364716887145, 4180.364716887145, 4180.364716887146, 4181.762449158431, 4181.762449158432, 4193.550256504409, 4199.313337171338, 4200.711069442627, 4212.498876788602, 4227.36192943267, 4231.627050073781, 4243.414857419759, 4264.285874201839, 4272.816441064759, 4301.295339604637, 4307.977552380077, 4319.765359726054, 4353.577032654315]
mean: 4229.677172960873, var: 3057.646926433116

num_points: 20, iterations: 100000
temperature: 50000000, width: 1000
20 time resluts: [5301.4664896306185, 5599.245613411695, 5722.485505287952, 5725.168283142677, 5732.612160392762, 5785.673115945651, 5821.279647942547, 5870.909595532691, 5880.351201394075, 5892.496760467923, 5925.715387978934, 5954.269435841041, 5958.961878379299, 6015.653361704952, 6040.52842487016, 6129.737956287892, 6164.072280997705, 6280.227539455653, 6313.09857361098, 6323.023581208293]
mean: 5921.848839674175, var: 63510.181776834856

